%YAML:1.0
  leftCameraIntrinsicMatrix: !!opencv-matrix
    rows: 3
    cols: 3
    dt: d
    data: [ 4.3528428819174349e+02, 0., 3.1057597088849104e+02, 0., 4.3721919061375377e+02, 2.3138036253567793e+02, 0., 0., 1. ]
  rightCameraIntrinsicMatrix: !!opencv-matrix
    rows: 3
    cols: 3
    dt: d
    data: [ 4.5134507940511736e+02, 0., 3.2107976982398657e+02, 0., 4.5158040830858783e+02, 2.3351410853450218e+02, 0., 0., 1. ]
  leftDistCoeffs: !!opencv-matrix
    rows: 5
    cols: 1
    dt: d
    data: [ 7.1846819482443314e-02, -1.0622005520636039e-01,-7.8080715960566855e-03, -5.2291739963849200e-03, 7.8121384153571199e-02 ]
  rightDistCoeffs: !!opencv-matrix
    rows: 5
    cols: 1
    dt: d
    data: [ 5.5348132871393008e-02, -1.8048332398299499e-01, 8.0705371798333279e-04, -6.6611574306621084e-03, 2.4538626494216403e-01 ]
  stereoRotationMatrix: !!opencv-matrix
    rows: 3
    cols: 3
    dt: d
    data: [ 9.9993289742738733e-01, -3.3110267513500537e-03, -1.1101249673886407e-02, 3.2684395787388218e-03, 9.9998723884515806e-01, -3.8522006122357253e-03, 1.1113862748399062e-02, 3.8156583558568249e-03, 9.9993095901973206e-01 ]
  stereoTransVector: !!opencv-matrix
    rows: 3
    cols: 1
    dt: d
    data: [ -1.0006155071222469e-01, 1.4812760884833755e-03, 2.0059535664296860e-02 ]
  leftRectificationMatrix: !!opencv-matrix
    rows: 3
    cols: 3
    dt: d
    data: [ 9.7809076856529198e-01, -1.8509162249107997e-02, -2.0735442932378600e-01, 1.8136719702732788e-02, 9.9982868033806538e-01, -3.6972113636044497e-03, 2.0738733771805179e-01, -1.4452085958940509e-04, 9.7825889787312437e-01 ]
  rightRectificationMatrix: !!opencv-matrix
    rows: 3
    cols: 3
    dt: d
    data: [ 9.8038831378073410e-01, -1.4513324611653404e-02, -1.9654037145300646e-01, 1.4866086841259809e-02,  9.9988944254184353e-01, 3.1961756753234204e-04, 1.9651400373560429e-01, -3.2351355579215758e-03, 9.8049568088478833e-01 ]
  leftProjectionMatrix: !!opencv-matrix
    rows: 3
    cols: 4
    dt: d
    data: [ 4.4439979946117080e+02, 0., 4.5062024307250977e+02, 0., 0., 4.4439979946117080e+02, 2.3182076263427734e+02, 0., 0., 0., 1., 0. ]
  rightProjectionMatrix: !!opencv-matrix
    rows: 3
    cols: 4
    dt: d
    data: [ 4.4439979946117080e+02, 0., 4.5062024307250977e+02, -4.5356857528017869e+01, 0., 4.4439979946117080e+02, 2.3182076263427734e+02, 0., 0., 0., 1., 0. ]