%YAML:1.0
  leftCameraIntrinsicMatrix: !!opencv-matrix
    rows: 3
    cols: 3
    dt: d
    data: [ 457.8515, 0, 321.1988, 0, 457.7905,  234.0769, 0, 0, 1.0000]
  rightCameraIntrinsicMatrix: !!opencv-matrix
    rows: 3
    cols: 3
    dt: d
    data: [ 458.1354, 0, 330.6925, 0, 458.4238,  236.6657, 0, 0, 1.0000]
  leftDistCoeffs: !!opencv-matrix
    rows: 5
    cols: 1
    dt: d
    data: [ 0.0432, -0.0375, -9.5562e-4, 0.0011, 0.0152 ]
  rightDistCoeffs: !!opencv-matrix
    rows: 5
    cols: 1
    dt: d
    data: [ 0.0298, 0.0289, 0.0014, -0.0032, -0.0775 ]
  stereoRotationMatrix: !!opencv-matrix
    rows: 3
    cols: 3
    dt: d
    data: [ 0.999981802805505,   0.004874977592049,   0.003553681377042, -0.004880140889396,   0.999987046971349,   0.001445722802206, -0.003546587479841,  -0.001463038959903,   0.999992640590044 ]
  stereoTransVector: !!opencv-matrix
    rows: 3
    cols: 1
    dt: d
    data: [ -0.113874107314875,  -0.000938666079247,  -0.007017590565307 ]
  leftRectificationMatrix: !!opencv-matrix
    rows: 3
    cols: 3
    dt: d
    data: [ 9.7809076856529198e-01, -1.8509162249107997e-02, -2.0735442932378600e-01, 1.8136719702732788e-02, 9.9982868033806538e-01, -3.6972113636044497e-03, 2.0738733771805179e-01, -1.4452085958940509e-04, 9.7825889787312437e-01 ]
  rightRectificationMatrix: !!opencv-matrix
    rows: 3
    cols: 3
    dt: d
    data: [ 9.8038831378073410e-01, -1.4513324611653404e-02, -1.9654037145300646e-01, 1.4866086841259809e-02,  9.9988944254184353e-01, 3.1961756753234204e-04, 1.9651400373560429e-01, -3.2351355579215758e-03, 9.8049568088478833e-01 ]
  leftProjectionMatrix: !!opencv-matrix
    rows: 3
    cols: 4
    dt: d
    data: [ 4.4439979946117080e+02, 0., 4.5062024307250977e+02, 0., 0., 4.4439979946117080e+02, 2.3182076263427734e+02, 0., 0., 0., 1., 0. ]
  rightProjectionMatrix: !!opencv-matrix
    rows: 3
    cols: 4
    dt: d
    data: [ 4.4439979946117080e+02, 0., 4.5062024307250977e+02, -4.5356857528017869e+01, 0., 4.4439979946117080e+02, 2.3182076263427734e+02, 0., 0., 0., 1., 0. ]